c.light <- 299792.458

